(1.31934,4.10954) 4.31613
(4.05242,4.08629) 5.75499
(3.24894,4.86559) 5.8506
(0.969385,2.4481) 2.63304
(0.182998,0.646154) 0.671568
(4.90802,4.10111) 6.39592
(2.31969,2.09662) 3.12678
(2.8819,1.0905) 3.08132
(3.09606,0.409003) 3.12296
(4.11942,0.0149667) 4.11945
(1.54503,2.24506) 2.72533
(2.7571,3.58836) 4.52525
(4.61133,2.61481) 5.30109
(2.13159,0.599773) 2.21436
(0.387555,3.63403) 3.65464
(2.13949,3.38681) 4.00598
(2.05462,2.00569) 2.87128
(4.64078,2.65243) 5.3453
(4.36456,0.132048) 4.36656
(4.3233,1.63762) 4.62306
(3.54669,4.15003) 5.4591
(4.52995,4.89828) 6.67185
(0.408603,2.39641) 2.431
(1.4242,1.46115) 2.04042
(2.60874,0.0448187) 2.60912
