(1.31934,4.10954) 3.02989
(4.05242,4.08629) 269.686
(3.24894,4.86559) 362
(0.969385,2.4481) 0.939707
(0.182998,0.646154) 0.182998
(4.90802,4.10111) 580.264
(2.31969,2.09662) 5.38096
(2.8819,1.0905) 2.8819
(3.09606,0.409003) 1
(4.11942,0.0149667) 1
(1.54503,2.24506) 2.38712
(2.7571,3.58836) 57.7843
(4.61133,2.61481) 98.057
(2.13159,0.599773) 2.13159
(0.387555,3.63403) 0.0225597
(2.13949,3.38681) 9.79334
(2.05462,2.00569) 4.22146
(4.64078,2.65243) 99.9477
(4.36456,0.132048) 1
(4.3233,1.63762) 18.6909
(3.54669,4.15003) 158.231
(4.52995,4.89828) 1907.51
(0.408603,2.39641) 0.166956
(1.4242,1.46115) 1.4242
(2.60874,0.0448187) 1
